41
5 1 9 3 
11 13 6 8 
14 10 4 15 
0 12 7 2 

-------------------------
5 1 9 3 
11 13 6 8 
0 10 4 15 
14 12 7 2 

-------------------------
5 1 9 3 
0 13 6 8 
11 10 4 15 
14 12 7 2 

-------------------------
5 1 9 3 
13 0 6 8 
11 10 4 15 
14 12 7 2 

-------------------------
5 1 9 3 
13 6 0 8 
11 10 4 15 
14 12 7 2 

-------------------------
5 1 0 3 
13 6 9 8 
11 10 4 15 
14 12 7 2 

-------------------------
5 0 1 3 
13 6 9 8 
11 10 4 15 
14 12 7 2 

-------------------------
5 6 1 3 
13 0 9 8 
11 10 4 15 
14 12 7 2 

-------------------------
5 6 1 3 
13 9 0 8 
11 10 4 15 
14 12 7 2 

-------------------------
5 6 1 3 
13 9 4 8 
11 10 0 15 
14 12 7 2 

-------------------------
5 6 1 3 
13 9 4 8 
11 10 7 15 
14 12 0 2 

-------------------------
5 6 1 3 
13 9 4 8 
11 10 7 15 
14 0 12 2 

-------------------------
5 6 1 3 
13 9 4 8 
11 0 7 15 
14 10 12 2 

-------------------------
5 6 1 3 
13 9 4 8 
11 7 0 15 
14 10 12 2 

-------------------------
5 6 1 3 
13 9 4 8 
11 7 15 0 
14 10 12 2 

-------------------------
5 6 1 3 
13 9 4 8 
11 7 15 2 
14 10 12 0 

-------------------------
5 6 1 3 
13 9 4 8 
11 7 15 2 
14 10 0 12 

-------------------------
5 6 1 3 
13 9 4 8 
11 7 0 2 
14 10 15 12 

-------------------------
5 6 1 3 
13 9 4 8 
11 7 2 0 
14 10 15 12 

-------------------------
5 6 1 3 
13 9 4 0 
11 7 2 8 
14 10 15 12 

-------------------------
5 6 1 3 
13 9 0 4 
11 7 2 8 
14 10 15 12 

-------------------------
5 6 1 3 
13 9 2 4 
11 7 0 8 
14 10 15 12 

-------------------------
5 6 1 3 
13 9 2 4 
11 0 7 8 
14 10 15 12 

-------------------------
5 6 1 3 
13 9 2 4 
0 11 7 8 
14 10 15 12 

-------------------------
5 6 1 3 
0 9 2 4 
13 11 7 8 
14 10 15 12 

-------------------------
5 6 1 3 
9 0 2 4 
13 11 7 8 
14 10 15 12 

-------------------------
5 0 1 3 
9 6 2 4 
13 11 7 8 
14 10 15 12 

-------------------------
5 1 0 3 
9 6 2 4 
13 11 7 8 
14 10 15 12 

-------------------------
5 1 2 3 
9 6 0 4 
13 11 7 8 
14 10 15 12 

-------------------------
5 1 2 3 
9 6 7 4 
13 11 0 8 
14 10 15 12 

-------------------------
5 1 2 3 
9 6 7 4 
13 0 11 8 
14 10 15 12 

-------------------------
5 1 2 3 
9 6 7 4 
13 10 11 8 
14 0 15 12 

-------------------------
5 1 2 3 
9 6 7 4 
13 10 11 8 
0 14 15 12 

-------------------------
5 1 2 3 
9 6 7 4 
0 10 11 8 
13 14 15 12 

-------------------------
5 1 2 3 
0 6 7 4 
9 10 11 8 
13 14 15 12 

-------------------------
0 1 2 3 
5 6 7 4 
9 10 11 8 
13 14 15 12 

-------------------------
1 0 2 3 
5 6 7 4 
9 10 11 8 
13 14 15 12 

-------------------------
1 2 0 3 
5 6 7 4 
9 10 11 8 
13 14 15 12 

-------------------------
1 2 3 0 
5 6 7 4 
9 10 11 8 
13 14 15 12 

-------------------------
1 2 3 4 
5 6 7 0 
9 10 11 8 
13 14 15 12 

-------------------------
1 2 3 4 
5 6 7 8 
9 10 11 0 
13 14 15 12 

-------------------------
1 2 3 4 
5 6 7 8 
9 10 11 12 
13 14 15 0 

